a<-5+5
b <- a*2
b
c<-10
